00221111000011100001310000031200000112200112111011112111011211100001122000031200000131000000111000221111
00000100000000010001001100000011000001111011001100001111001011110000001100101111010010010000010000000011
0022202255325500225500222
000011111100001
000001110401110000412110000421310001113100011133000111330001113100042131004121100401110000000111
000001110401110000412110000421310001113100011133000111330001113100042131004121100401110000000111
000000000000111000011000101111100110110100111101001111000011110101101101101111100001100000001110
000000000111100000011101101111100110110000111100001111000011110001101100101111100001110101111000
000000000000000000011010001111010110100011111100111111000110100000111101000110100000000000000000
000000000000000000011001001110100110110111111010111110100110110100111010000110010000000000000000
0000100000110000111100110111011111011111001110100111111011111101110100111110001111100110111001111000011000000100
0001000100100101000100010100100000101000100000000010001010000010010100010001010010010001000
55555555500500055005000550050005505550055050500550505005505050055055500550050005500500055005000555555555
0000000000022220002222220522222255222222502222225002222000000000
00002222000222220002222200022222000222220222222222222222022222220002222200022222000222220002222200002222